<root><![CDATA[
555555555555555555    5555555555555555555
555555555555555555    5555555555555555555
555555555555555555    5555555555555555555
55555        4                    5555555
555                  4                555
555    333                        4   555
555    333      4         44          555
555    333          4                 555
555    333  4              4          555
555    333                            555
555    333     4                4     555
555    333       4   4                555
555    333                            555
555 4  333 4                  4    4  555
555    333     4                      555
555    3333333         4              555
555    33333333333            55555555555
555    3333333333333333333333333333333555
555       3333333333333333333333333333555
555         33333333333333333333333333555
555   4                               555
555                4       4          555
555                               4   555
555          4     4                  555
555    4                    4      4  555
555                                   555
555                                   555
555555555555555555    5555555555555555555
555555555555555555    5555555555555555555
555555555555555555    5555555555555555555
]]></root>