<root><![CDATA[
22222222222222222222222222222222222222222
22222222222222222222222222222222222222222
22222222222222222222222222222222222222222
22222222222222222222222222222222222222222
22222222222222222222222222222222222222222
22222222222222222222222222222222222222222
22222222222222222222222222222222222222222
22222222222222222222222222222222222222222
22222222222222222222222222222222222222222
22222222222222222222222222222222222222222
22222222222222222222222222222222222222222
22222222222222222222222222222222222222222
22222222222222222222222222222222222222222
22222222222222222222222222222222222222222
                2222             2222    
              22222222         2222      
           22222 222222       2222       
555      2222     222222    22222     555
555      22          22222222222      555
555      22            22222222       555
5555     22                           555
5555                                  555
5555                                  555
55555                                 555
55555555555555555555555555555555555555555
55555555555555555555555555555555555555555
55555555555555555555555555555555555555555
555555555555555555    5555555555555555555
555555555555555555    5555555555555555555
555555555555555555    5555555555555555555
]]></root>