<root><![CDATA[
555555555555555555    5555555555555555555
555555555555555555    5555555555555555555
555555555555555555    5555555555555555555
5551                                  555
555 11         4    4      4     4    555
555   11                              555
555     11                            555
555       11               4          555
555     4   11      4             4   555
555           11               4      555
555   4        111                    555
555              111       4          555
555        4  4    1                  555
555                1     4    4       555
                   111           4    555
     4               11               555
              4       111             555
555               4     111     4     555
555       4               11          555
555   4            4       11         555
555                         111  4    555
555         4                1111     555
555    4         4     4        1     555
555                             1   4 555
555                        4    1     555
555  4      4      4     4            555
555                                   555
5555555555555555########55555555555555555
55555555555555555######555555555555555555
5555555555555555#######555555555555555555
]]></root>