<root><![CDATA[
333333333333333333    3333333333333333333
333333333333333333    3333333333333333333
333333333333333333    3333333333333333333
333          33333                    333
333            333333                 333
333              33333                333
333                33333              333
333                   3333            333
333                    3333           333
333                     333333        333
333                                   333
333                                   333
333       3333333333333333333333333333333
333       3333333333333333333333333333333
                                         
                                         
                                         
33333333333            333333333333333333
33333333333333           3333333333333333
3333333333333333                33333 333
33333333333333333333               333333
333     3333333333333333              333
333         3333333333333             333
333             33333333333           333
333   h             3333333333        333
333                                   333
333                                   333
333333333333333333    3333333333333333333
333333333333333333    3333333333333333333
333333333333333333    3333333333333333333
]]></root>