<root><![CDATA[
22222222222222222222222222222222222222333
22222222222222222222222222222222222222333
22222222222222222222222222222222222222333
22222    3                            333
22222                     3           333
222         3222               3      333
222   3     222       3               333
222   2    222         3         3    333
222  2223 222     3               3   333
222  2222222             3  3   3     333
222    2222   3    3      2222222     333
222   3  222   3         2222222222   333
222       22222222222222222222222     333
222        222222222222222            333
222   3     2222222222222       33       
222     3    2222            3           
222   3        222                       
222       3    2222222222  3     U    333
222           2222222222222 3         333
222   3 222    2222222222222  3    3  333
222  22222222    222222222222222222222333
222222222222222            22222222222333
2222222222222222        3    222222222333
22222222222222222                     333
222222222222222222            3       333
222222222222222222          33        333
222222222222222222               3    333
222222222222222222    3333333333333333333
222222222222222222    3333333333333333333
222222222222222222    3333333333333333333
]]></root>